{"cells":[{"cell_type":"markdown","source":["**Unstructured Data Analytics: Group Assignment #1**\n","\n","# Group Members:\n","1. Rithu Anand Krishnan\n","2. Manvi Mahajan\n","3. Paul Wen (Yilin Wen)\n","4. Alex Yu\n","5. Judy Chen (Yu-Ting Chen)"],"metadata":{"id":"5Yi5w2oLHzNm"}},{"cell_type":"code","execution_count":null,"metadata":{"id":"z1NDz1TjrXFv"},"outputs":[],"source":["## Imports\n","import pandas as pd\n","import numpy as np\n","from bs4 import BeautifulSoup as bs\n","from tqdm import tqdm\n","from nltk.corpus import stopwords\n","from nltk.tokenize import word_tokenize\n","from nltk.probability import FreqDist\n","from nltk import pos_tag, word_tokenize\n","import matplotlib.pyplot as p\n","from statistics import mean\n","from sklearn.manifold import MDS\n","import sklearn.datasets as dt\n","import seaborn as sns\n","from nltk import pos_tag\n","from sklearn.metrics.pairwise import manhattan_distances, euclidean_distances\n","from matplotlib.offsetbox import OffsetImage, AnnotationBbox\n","from sklearn.linear_model import LinearRegression\n","import os\n","import re\n","import nltk\n","import requests\n","import csv\n","import matplotlib\n","import matplotlib.pyplot as plt\n","import string\n","import math\n","nltk.download('all')"]},{"cell_type":"markdown","metadata":{"id":"2zZp2e4prXFr"},"source":["# Data\n","\n","Read in data"]},{"cell_type":"code","execution_count":null,"metadata":{"id":"WL-x9r9XrXFu"},"outputs":[],"source":["#Created dataframe from scraped tweets\n","df = pd.read_csv(\"6205 beer reviews of 250 beers.csv\", names=[\"Product_name\", \"product_review\", \"user_ratings\",\"overall_rating\",\"clean_review\"])"]},{"cell_type":"markdown","source":["## Task E. \n","Create an evaluation score for each beer that uses both similarity and sentiment scores. E.g.,\n","total score = average of (similarity score + sentiment score) or a multiplicative model."],"metadata":{"id":"C4K5_5TA2o1Z"}},{"cell_type":"code","source":[],"metadata":{"id":"m1rHqLxj2sUH"},"execution_count":null,"outputs":[]},{"cell_type":"markdown","metadata":{"id":"_ieTRsOCrXF0"},"source":["# Task H\n","Using the top four attributes of beer (from word frequency analysis), calculate the lifts between\n","these attributes and any 10 beers in your data. Choose one beer, and find the most similar beer (among\n","the remaining 9) using the lift values. Explain your method."]},{"cell_type":"code","execution_count":null,"metadata":{"id":"hfc4R-FGrXF0"},"outputs":[],"source":["#takes out top 10 brands from tuple in sorted brand freq\n","brands = [ item[0] for item in sorted_brand_freq]\n","\n","# finds lift between two entities\n","def lift(A, B, messages):\n","    A=A.lower()\n","    B=B.lower()\n","    A_count = 0\n","    B_count = 0\n","    AB_count = 0\n","    n=len(messages)\n","    for message in messages:\n","      message=message.lower()\n","      if A in message:\n","        A_count+=1\n","      if B in message:\n","        B_count+=1\n","      if A in message and B in message:\n","        AB_count+=1\n","    lift_val= (n*AB_count)/(A_count*B_count)\n","    if A == B:\n","      return 1\n","    else:\n","      return round(lift_val,4)\n","\n","# utilizes lift function above and runs agaainst all the brands in the brand list. \n","# Returns dataframe of lift values with useless values removed\n","def lift_everything(brands,messages):\n","  results=[]\n","  counter=0\n","  for b in brands:\n","    results.append([])\n","    for f in brands:\n","      k=lift(b,f,messages)\n","      results[counter].append(k)\n","    counter+=1\n","  import numpy as np\n","  triangle = np.triu (results)\n","  import pandas as pd\n","  return pd.DataFrame(triangle, columns=[brands], index=[brands])"]},{"cell_type":"code","execution_count":null,"metadata":{"id":"ROO5Mi16rXF0","colab":{"base_uri":"https://localhost:8080/"},"executionInfo":{"status":"ok","timestamp":1665619024184,"user_tz":300,"elapsed":9064,"user":{"displayName":"Paul Wen","userId":"06507959770420166350"}},"outputId":"bebed5c8-30ec-4b5d-8f7d-4e44e89eff4b"},"outputs":[{"output_type":"stream","name":"stderr","text":["100%|██████████| 4987/4987 [00:08<00:00, 556.87it/s]\n"]}],"source":["#made array with all the messsages with brand \n","messages_with_brands = []\n","for message in tqdm(sentence_with_stopwords):\n","  tokenizer = nltk.RegexpTokenizer(r\"\\w+\")\n","  message_tok = tokenizer.tokenize(message)\n","  words = \" \".join(message_tok).lower().split()\n","  messages_with_brands.append(\" \".join(brand_changer(words)))"]},{"cell_type":"code","execution_count":null,"metadata":{"id":"K-OcdDmOrXF0","colab":{"base_uri":"https://localhost:8080/","height":394},"executionInfo":{"status":"ok","timestamp":1665619025324,"user_tz":300,"elapsed":1157,"user":{"displayName":"Paul Wen","userId":"06507959770420166350"}},"outputId":"9f536b16-21aa-46eb-b22c-edef57acfba0"},"outputs":[{"output_type":"execute_result","data":{"text/plain":["               bmw   acura    audi   honda infiniti  nissan  toyota  subaru  \\\n","bmw         1.0000  1.5674  1.7931  1.2278   2.0549  1.2399  1.4161  1.1969   \n","acura       1.5674  1.0000  2.0910  2.7287   3.0591  2.2153  1.8066  2.0618   \n","audi        1.7931  2.0910  1.0000  1.2702   2.5262  1.3756  1.1424  1.8478   \n","honda       1.2278  2.7287  1.2702  1.0000   1.6168  4.0245  4.0897  1.5716   \n","infiniti    2.0549  3.0591  2.5262  1.6168   1.0000  2.9827  1.2247  1.7757   \n","nissan      1.2399  2.2153  1.3756  4.0245   2.9827  1.0000  4.0740  1.6023   \n","toyota      1.4161  1.8066  1.1424  4.0897   1.2247  4.0740  1.0000  1.4593   \n","subaru      1.1969  2.0618  1.8478  1.5716   1.7757  1.6023  1.4593  1.0000   \n","volkswagen  1.5152  1.8302  4.2529  2.5015   2.0895  2.6878  2.3324  2.4899   \n","ford        1.5193  1.6380  1.7349  2.2897   1.7193  1.7193  2.0912  1.7219   \n","volvo       1.5967  3.2192  4.0942  2.2815   2.6698  3.5562  2.4250  4.5417   \n","\n","           volkswagen    ford   volvo  \n","bmw            1.5152  1.5193  1.5967  \n","acura          1.8302  1.6380  3.2192  \n","audi           4.2529  1.7349  4.0942  \n","honda          2.5015  2.2897  2.2815  \n","infiniti       2.0895  1.7193  2.6698  \n","nissan         2.6878  1.7193  3.5562  \n","toyota         2.3324  2.0912  2.4250  \n","subaru         2.4899  1.7219  4.5417  \n","volkswagen     1.0000  2.2146  3.1525  \n","ford           2.2146  1.0000  3.6549  \n","volvo          3.1525  3.6549  1.0000  "],"text/html":["\n","  <div id=\"df-73bad387-53e0-4beb-ac22-64cf6f40e1b2\">\n","    <div class=\"colab-df-container\">\n","      <div>\n","<style scoped>\n","    .dataframe tbody tr th:only-of-type {\n","        vertical-align: middle;\n","    }\n","\n","    .dataframe tbody tr th {\n","        vertical-align: top;\n","    }\n","\n","    .dataframe thead tr th {\n","        text-align: left;\n","    }\n","</style>\n","<table border=\"1\" class=\"dataframe\">\n","  <thead>\n","    <tr>\n","      <th></th>\n","      <th>bmw</th>\n","      <th>acura</th>\n","      <th>audi</th>\n","      <th>honda</th>\n","      <th>infiniti</th>\n","      <th>nissan</th>\n","      <th>toyota</th>\n","      <th>subaru</th>\n","      <th>volkswagen</th>\n","      <th>ford</th>\n","      <th>volvo</th>\n","    </tr>\n","  </thead>\n","  <tbody>\n","    <tr>\n","      <th>bmw</th>\n","      <td>1.0000</td>\n","      <td>1.5674</td>\n","      <td>1.7931</td>\n","      <td>1.2278</td>\n","      <td>2.0549</td>\n","      <td>1.2399</td>\n","      <td>1.4161</td>\n","      <td>1.1969</td>\n","      <td>1.5152</td>\n","      <td>1.5193</td>\n","      <td>1.5967</td>\n","    </tr>\n","    <tr>\n","      <th>acura</th>\n","      <td>1.5674</td>\n","      <td>1.0000</td>\n","      <td>2.0910</td>\n","      <td>2.7287</td>\n","      <td>3.0591</td>\n","      <td>2.2153</td>\n","      <td>1.8066</td>\n","      <td>2.0618</td>\n","      <td>1.8302</td>\n","      <td>1.6380</td>\n","      <td>3.2192</td>\n","    </tr>\n","    <tr>\n","      <th>audi</th>\n","      <td>1.7931</td>\n","      <td>2.0910</td>\n","      <td>1.0000</td>\n","      <td>1.2702</td>\n","      <td>2.5262</td>\n","      <td>1.3756</td>\n","      <td>1.1424</td>\n","      <td>1.8478</td>\n","      <td>4.2529</td>\n","      <td>1.7349</td>\n","      <td>4.0942</td>\n","    </tr>\n","    <tr>\n","      <th>honda</th>\n","      <td>1.2278</td>\n","      <td>2.7287</td>\n","      <td>1.2702</td>\n","      <td>1.0000</td>\n","      <td>1.6168</td>\n","      <td>4.0245</td>\n","      <td>4.0897</td>\n","      <td>1.5716</td>\n","      <td>2.5015</td>\n","      <td>2.2897</td>\n","      <td>2.2815</td>\n","    </tr>\n","    <tr>\n","      <th>infiniti</th>\n","      <td>2.0549</td>\n","      <td>3.0591</td>\n","      <td>2.5262</td>\n","      <td>1.6168</td>\n","      <td>1.0000</td>\n","      <td>2.9827</td>\n","      <td>1.2247</td>\n","      <td>1.7757</td>\n","      <td>2.0895</td>\n","      <td>1.7193</td>\n","      <td>2.6698</td>\n","    </tr>\n","    <tr>\n","      <th>nissan</th>\n","      <td>1.2399</td>\n","      <td>2.2153</td>\n","      <td>1.3756</td>\n","      <td>4.0245</td>\n","      <td>2.9827</td>\n","      <td>1.0000</td>\n","      <td>4.0740</td>\n","      <td>1.6023</td>\n","      <td>2.6878</td>\n","      <td>1.7193</td>\n","      <td>3.5562</td>\n","    </tr>\n","    <tr>\n","      <th>toyota</th>\n","      <td>1.4161</td>\n","      <td>1.8066</td>\n","      <td>1.1424</td>\n","      <td>4.0897</td>\n","      <td>1.2247</td>\n","      <td>4.0740</td>\n","      <td>1.0000</td>\n","      <td>1.4593</td>\n","      <td>2.3324</td>\n","      <td>2.0912</td>\n","      <td>2.4250</td>\n","    </tr>\n","    <tr>\n","      <th>subaru</th>\n","      <td>1.1969</td>\n","      <td>2.0618</td>\n","      <td>1.8478</td>\n","      <td>1.5716</td>\n","      <td>1.7757</td>\n","      <td>1.6023</td>\n","      <td>1.4593</td>\n","      <td>1.0000</td>\n","      <td>2.4899</td>\n","      <td>1.7219</td>\n","      <td>4.5417</td>\n","    </tr>\n","    <tr>\n","      <th>volkswagen</th>\n","      <td>1.5152</td>\n","      <td>1.8302</td>\n","      <td>4.2529</td>\n","      <td>2.5015</td>\n","      <td>2.0895</td>\n","      <td>2.6878</td>\n","      <td>2.3324</td>\n","      <td>2.4899</td>\n","      <td>1.0000</td>\n","      <td>2.2146</td>\n","      <td>3.1525</td>\n","    </tr>\n","    <tr>\n","      <th>ford</th>\n","      <td>1.5193</td>\n","      <td>1.6380</td>\n","      <td>1.7349</td>\n","      <td>2.2897</td>\n","      <td>1.7193</td>\n","      <td>1.7193</td>\n","      <td>2.0912</td>\n","      <td>1.7219</td>\n","      <td>2.2146</td>\n","      <td>1.0000</td>\n","      <td>3.6549</td>\n","    </tr>\n","    <tr>\n","      <th>volvo</th>\n","      <td>1.5967</td>\n","      <td>3.2192</td>\n","      <td>4.0942</td>\n","      <td>2.2815</td>\n","      <td>2.6698</td>\n","      <td>3.5562</td>\n","      <td>2.4250</td>\n","      <td>4.5417</td>\n","      <td>3.1525</td>\n","      <td>3.6549</td>\n","      <td>1.0000</td>\n","    </tr>\n","  </tbody>\n","</table>\n","</div>\n","      <button class=\"colab-df-convert\" onclick=\"convertToInteractive('df-73bad387-53e0-4beb-ac22-64cf6f40e1b2')\"\n","              title=\"Convert this dataframe to an interactive table.\"\n","              style=\"display:none;\">\n","        \n","  <svg xmlns=\"http://www.w3.org/2000/svg\" height=\"24px\"viewBox=\"0 0 24 24\"\n","       width=\"24px\">\n","    <path d=\"M0 0h24v24H0V0z\" fill=\"none\"/>\n","    <path d=\"M18.56 5.44l.94 2.06.94-2.06 2.06-.94-2.06-.94-.94-2.06-.94 2.06-2.06.94zm-11 1L8.5 8.5l.94-2.06 2.06-.94-2.06-.94L8.5 2.5l-.94 2.06-2.06.94zm10 10l.94 2.06.94-2.06 2.06-.94-2.06-.94-.94-2.06-.94 2.06-2.06.94z\"/><path d=\"M17.41 7.96l-1.37-1.37c-.4-.4-.92-.59-1.43-.59-.52 0-1.04.2-1.43.59L10.3 9.45l-7.72 7.72c-.78.78-.78 2.05 0 2.83L4 21.41c.39.39.9.59 1.41.59.51 0 1.02-.2 1.41-.59l7.78-7.78 2.81-2.81c.8-.78.8-2.07 0-2.86zM5.41 20L4 18.59l7.72-7.72 1.47 1.35L5.41 20z\"/>\n","  </svg>\n","      </button>\n","      \n","  <style>\n","    .colab-df-container {\n","      display:flex;\n","      flex-wrap:wrap;\n","      gap: 12px;\n","    }\n","\n","    .colab-df-convert {\n","      background-color: #E8F0FE;\n","      border: none;\n","      border-radius: 50%;\n","      cursor: pointer;\n","      display: none;\n","      fill: #1967D2;\n","      height: 32px;\n","      padding: 0 0 0 0;\n","      width: 32px;\n","    }\n","\n","    .colab-df-convert:hover {\n","      background-color: #E2EBFA;\n","      box-shadow: 0px 1px 2px rgba(60, 64, 67, 0.3), 0px 1px 3px 1px rgba(60, 64, 67, 0.15);\n","      fill: #174EA6;\n","    }\n","\n","    [theme=dark] .colab-df-convert {\n","      background-color: #3B4455;\n","      fill: #D2E3FC;\n","    }\n","\n","    [theme=dark] .colab-df-convert:hover {\n","      background-color: #434B5C;\n","      box-shadow: 0px 1px 3px 1px rgba(0, 0, 0, 0.15);\n","      filter: drop-shadow(0px 1px 2px rgba(0, 0, 0, 0.3));\n","      fill: #FFFFFF;\n","    }\n","  </style>\n","\n","      <script>\n","        const buttonEl =\n","          document.querySelector('#df-73bad387-53e0-4beb-ac22-64cf6f40e1b2 button.colab-df-convert');\n","        buttonEl.style.display =\n","          google.colab.kernel.accessAllowed ? 'block' : 'none';\n","\n","        async function convertToInteractive(key) {\n","          const element = document.querySelector('#df-73bad387-53e0-4beb-ac22-64cf6f40e1b2');\n","          const dataTable =\n","            await google.colab.kernel.invokeFunction('convertToInteractive',\n","                                                     [key], {});\n","          if (!dataTable) return;\n","\n","          const docLinkHtml = 'Like what you see? Visit the ' +\n","            '<a target=\"_blank\" href=https://colab.research.google.com/notebooks/data_table.ipynb>data table notebook</a>'\n","            + ' to learn more about interactive tables.';\n","          element.innerHTML = '';\n","          dataTable['output_type'] = 'display_data';\n","          await google.colab.output.renderOutput(dataTable, element);\n","          const docLink = document.createElement('div');\n","          docLink.innerHTML = docLinkHtml;\n","          element.appendChild(docLink);\n","        }\n","      </script>\n","    </div>\n","  </div>\n","  "]},"metadata":{},"execution_count":15}],"source":["lift_matrix = lift_everything(brands,messages_with_brands)\n","lift_matrix_full = np.maximum( lift_matrix, lift_matrix.transpose())\n","lift_matrix_full"]}],"metadata":{"kernelspec":{"display_name":"Python 3.9.12 ('base')","language":"python","name":"python3"},"language_info":{"codemirror_mode":{"name":"ipython","version":3},"file_extension":".py","mimetype":"text/x-python","name":"python","nbconvert_exporter":"python","pygments_lexer":"ipython3","version":"3.9.12"},"orig_nbformat":4,"vscode":{"interpreter":{"hash":"275c13896ba8c4530b3b5edd72df101d8643eb4aa3956a7fd1b30cb9fb9264ee"}},"colab":{"provenance":[],"collapsed_sections":[]}},"nbformat":4,"nbformat_minor":0}